0 0 1
-0.2739592186924325 0.021819345900466677 -0.9614937663021573 -0.31057997014702826
8.33962904204855e-19 -0.9997426093226981 -0.02268733357278151 0.5730122438481298
-0.9617413095492113 -0.006215404179813816 0.27388870414358013 2.1264800183565487
100 100 101
-0.029870473141189964 0.29367104467317595 -0.955439727222438 -0.5955679654736354
1.6574237246936402e-18 -0.9558662559086444 -0.2938021456953466 1.217946974646956
-0.9995537778600617 -0.00877600910181683 0.028552177323688973 2.0702747100673613
200 200 201
-0.6871199481661623 0.007838291942368628 -0.7265017123252753 -0.9058663891445887
6.301397878540019e-19 -0.9999418028554353 -0.010788461531732903 0.494287299437136
-0.7265439951111913 -0.007412967128476948 0.6870799597472054 1.321449369026693